0,513
0,512
4,2
4,3
6,6
6,1
6,7
6,2
6,3
7,10
7,12
7,4
7,13
7,6
7,9
7,11
7,1
7,5
7,2
7,3
5,4
5,2
5,1
5,3
66,70
66,69
66,68
66,67
66,66
66,65
66,64
66,63
66,62
66,61
66,60
66,59
66,58
66,57
66,56
66,55
66,54
66,53
66,52
66,51
66,50
66,49
66,48
66,47
66,46
66,45
66,44
66,43
66,42
66,41
66,40
66,39
66,38
66,37
66,36
66,35
0,273
0,270
10,161
10,71
10,213
10,201
10,239
10,175
10,267
10,273
10,3
9,5
9,2
9,3
8,4
8,7
8,11
8,18
8,12
47,4
47,3
47,2
47,1
47,0
46,5
46,4
46,3
46,2
46,1
46,0
43,5
43,4
43,3
43,2
43,1
43,0
41,5
41,4
41,3
41,2
41,1
41,0
37,4
37,3
37,2
37,1
37,0
36,4
36,3
36,1
34,4
34,3
34,1
32,5
32,3
32,1
30,4
30,3
30,1
27,3
27,1
20,3
20,2
20,1
19,3
19,2
19,1
12,3
12,2
12,1
11,29
11,28
11,27
11,26
11,25
